nec1_D0F0
0000 006C 0022 0002 015B 00AD 0016 0016 0016 0016 0016 0016 0016 0016 0016 0016 0016 0016 0016 0016 0016 0016 0016 0041 0016 0041 0016 0041 0016 0041 0016 0041 0016 0041 0016 0041 0016 0041 0016 0016 0016 0016 0016 0016 0016 0016 0016 0016 0016 0016 0016 0016 0016 0016 0016 0041 0016 0041 0016 0041 0016 0041 0016 0041 0016 0041 0016 0041 0016 0041 0016 05F7 015B 0057 0016 0E6C

KEY_1
0000 004A 0000 0013 0012 0024 0024 0024 0012 0012 0024 0024 0024 0024 0012 0012 0012 0012 0012 0012 0012 0012 0012 0012 0012 0012 0012 0012 0012 0012 0012 0012 0012 0012 0012 0012 0012 0012 0024 0024 0012 1298

KEY_2
0000 004A 0000 0012 0012 0024 0024 0024 0012 0012 0024 0024 0024 0024 0012 0012 0012 0012 0012 0012 0012 0012 0012 0012 0012 0012 0012 0012 0012 0012 0012 0012 0012 0012 0012 0012 0024 0024 0024 1298

KEY_3
0000 004A 0000 0013 0012 0024 0024 0024 0012 0012 0024 0024 0024 0024 0012 0012 0012 0012 0012 0012 0012 0012 0012 0012 0012 0012 0012 0012 0012 0012 0012 0012 0012 0012 0012 0012 0024 0012 0012 0024 0012 1298

KEY_4
0000 004A 0000 0012 0012 0024 0024 0024 0012 0012 0024 0024 0024 0024 0012 0012 0012 0012 0012 0012 0012 0012 0012 0012 0012 0012 0012 0012 0012 0012 0012 0012 0012 0012 0024 0024 0012 0012 0024 1298

KEY_5
0000 004A 0000 0012 0012 0024 0024 0024 0012 0012 0024 0024 0024 0024 0012 0012 0012 0012 0012 0012 0012 0012 0012 0012 0012 0012 0012 0012 0012 0012 0012 0012 0012 0012 0024 0024 0024 0024 0012 1298

KEY_6
0000 004A 0000 0012 0012 0024 0024 0024 0012 0012 0024 0024 0024 0024 0012 0012 0012 0012 0012 0012 0012 0012 0012 0012 0012 0012 0012 0012 0012 0012 0012 0012 0012 0012 0024 0012 0012 0024 0024 1298

KEY_7
0000 004A 0000 0013 0012 0024 0024 0024 0012 0012 0024 0024 0024 0024 0012 0012 0012 0012 0012 0012 0012 0012 0012 0012 0012 0012 0012 0012 0012 0012 0012 0012 0012 0012 0024 0012 0012 0012 0012 0024 0012 1298

KEY_8
0000 004A 0000 0012 0012 0024 0024 0024 0012 0012 0024 0024 0024 0024 0012 0012 0012 0012 0012 0012 0012 0012 0012 0012 0012 0012 0012 0012 0012 0012 0012 0012 0024 0024 0012 0012 0012 0012 0024 1298

KEY_9
0000 004A 0000 0012 0012 0024 0024 0024 0012 0012 0024 0024 0024 0024 0012 0012 0012 0012 0012 0012 0012 0012 0012 0012 0012 0012 0012 0012 0012 0012 0012 0012 0024 0024 0012 0012 0024 0024 0012 1298

KEY_0
0000 004A 0000 0011 0012 0024 0024 0024 0012 0012 0024 0024 0024 0024 0012 0012 0012 0012 0012 0012 0012 0012 0012 0012 0012 0012 0012 0012 0012 0012 0012 0012 0024 0024 0024 0024 0024 1298

POWER
0000 004A 0000 0012 0012 0024 0024 0024 0012 0012 0024 0024 0024 0024 0012 0012 0012 0012 0012 0012 0012 0012 0012 0012 0012 0012 0012 0012 0012 0012 0012 0012 0024 0024 0024 0012 0012 0024 0012 1298

PLAY_PAUSE
0000 004A 0000 0012 0012 0024 0024 0024 0012 0012 0024 0024 0024 0024 0012 0012 0012 0012 0012 0012 0012 0012 0012 0012 0012 0012 0012 0012 0012 0012 0024 0012 0012 0024 0024 0012 0012 0024 0012 1298

REWIND
0000 004A 0000 0012 0012 0024 0024 0024 0012 0012 0024 0024 0024 0024 0012 0012 0012 0012 0012 0012 0012 0012 0012 0012 0012 0012 0012 0012 0024 0024 0012 0012 0012 0012 0012 0012 0024 0024 0012 1298

FAST_FORWARD
0000 004A 0000 0011 0012 0024 0024 0024 0012 0012 0024 0024 0024 0024 0012 0012 0012 0012 0012 0012 0012 0012 0012 0012 0012 0012 0012 0012 0024 0024 0012 0012 0024 0024 0012 0012 0024 1298

STOP
0000 004A 0000 0011 0012 0024 0024 0024 0012 0012 0024 0024 0024 0024 0012 0012 0012 0012 0012 0012 0012 0012 0012 0012 0012 0012 0012 0012 0024 0024 0012 0012 0012 0012 0024 0024 0024 1298

RECORD
0000 004A 0000 0012 0012 0024 0024 0024 0012 0012 0024 0024 0024 0024 0012 0012 0012 0012 0012 0012 0012 0012 0012 0012 0012 0012 0012 0012 0024 0024 0012 0012 0012 0012 0024 0012 0012 0024 0012 1298

RED
0000 004A 0000 0012 0012 0024 0024 0024 0012 0012 0024 0024 0024 0024 0012 0012 0012 0012 0012 0012 0012 0012 0012 0012 0012 0012 0012 0012 0012 0012 0024 0012 0012 0012 0012 0024 0024 0024 0012 1298

GREEN
0000 004A 0000 0012 0012 0024 0024 0024 0012 0012 0024 0024 0024 0024 0012 0012 0012 0012 0012 0012 0012 0012 0012 0012 0012 0012 0012 0012 0012 0012 0024 0012 0012 0012 0012 0012 0012 0024 0024 1298

YELLOW
0000 004A 0000 0013 0012 0024 0024 0024 0012 0012 0024 0024 0024 0024 0012 0012 0012 0012 0012 0012 0012 0012 0012 0012 0012 0012 0012 0012 0012 0012 0024 0012 0012 0012 0012 0012 0012 0012 0012 0024 0012 1298

BLUE
0000 004A 0000 0012 0012 0024 0024 0024 0012 0012 0024 0024 0024 0024 0012 0012 0012 0012 0012 0012 0012 0012 0012 0012 0012 0012 0012 0012 0024 0024 0012 0012 0012 0012 0012 0012 0012 0012 0024 1298

UP
0000 004A 0000 0012 0012 0024 0024 0024 0012 0012 0024 0024 0024 0024 0012 0012 0012 0012 0012 0012 0012 0012 0012 0012 0012 0012 0012 0012 0012 0012 0012 0012 0024 0012 0012 0024 0012 0012 0024 1298

DOWN
0000 004A 0000 0012 0012 0024 0024 0024 0012 0012 0024 0024 0024 0024 0012 0012 0012 0012 0012 0012 0012 0012 0012 0012 0012 0012 0012 0012 0012 0012 0012 0012 0024 0012 0012 0024 0024 0024 0012 1298

LEFT
0000 004A 0000 0012 0012 0024 0024 0024 0012 0012 0024 0024 0024 0024 0012 0012 0012 0012 0012 0012 0012 0012 0012 0012 0012 0012 0012 0012 0012 0012 0012 0012 0024 0012 0012 0012 0012 0024 0024 1298

RIGHT
0000 004A 0000 0012 0012 0024 0024 0024 0012 0012 0024 0024 0024 0024 0012 0012 0012 0012 0012 0012 0012 0012 0012 0012 0012 0012 0012 0012 0012 0012 0024 0024 0012 0012 0012 0012 0012 0012 0024 1298

OK
0000 004A 0000 0013 0012 0024 0024 0024 0012 0012 0024 0024 0024 0024 0012 0012 0012 0012 0012 0012 0012 0012 0012 0012 0012 0012 0012 0012 0012 0012 0012 0012 0024 0012 0012 0012 0012 0012 0012 0024 0012 1298

MENU
0000 004A 0000 0011 0012 0024 0024 0024 0012 0012 0024 0024 0024 0024 0012 0012 0012 0012 0012 0012 0012 0012 0012 0012 0012 0012 0012 0012 0024 0024 0024 0012 0012 0024 0024 0024 0012 1298

TV
0000 004A 0000 0011 0012 0024 0024 0024 0012 0012 0024 0024 0024 0024 0012 0012 0012 0012 0012 0012 0012 0012 0012 0012 0012 0012 0012 0012 0012 0012 0024 0024 0024 0024 0012 0012 0024 1298

GUIDE
0000 004A 0000 0011 0012 0024 0024 0024 0012 0012 0024 0024 0024 0024 0012 0012 0012 0012 0012 0012 0012 0012 0012 0012 0012 0012 0012 0012 0012 0012 0024 0024 0024 0012 0012 0024 0024 1298

RADIO
0000 004A 0000 0011 0012 0024 0024 0024 0012 0012 0024 0024 0024 0024 0012 0012 0012 0012 0012 0012 0012 0012 0012 0012 0012 0012 0012 0012 0024 0024 0024 0024 0024 0012 0012 0024 0012 1298

BACK
0000 004A 0000 0012 0012 0024 0024 0024 0012 0012 0024 0024 0024 0024 0012 0012 0012 0012 0012 0012 0012 0012 0012 0012 0012 0012 0012 0012 0012 0012 0024 0024 0012 0012 0024 0012 0012 0024 0012 1298

CHANNEL_UP
0000 004A 0000 0012 0012 0024 0024 0024 0012 0012 0024 0024 0024 0024 0012 0012 0012 0012 0012 0012 0012 0012 0012 0012 0012 0012 0012 0012 0012 0012 0024 0012 0012 0024 0012 0012 0024 0024 0012 1298

CHANNEL_DOWN
0000 004A 0000 0012 0012 0024 0024 0024 0012 0012 0024 0024 0024 0024 0012 0012 0012 0012 0012 0012 0012 0012 0012 0012 0012 0012 0012 0012 0012 0012 0024 0012 0012 0012 0012 0024 0012 0012 0024 1298

VOLUME_UP
0000 004A 0000 0012 0012 0024 0024 0024 0012 0012 0024 0024 0024 0024 0012 0012 0012 0012 0012 0012 0012 0012 0012 0012 0012 0012 0012 0012 0012 0012 0024 0024 0024 0012 0012 0012 0012 0024 0012 1298

VOLUME_DOWN
0000 004A 0000 0011 0012 0024 0024 0024 0012 0012 0024 0024 0024 0024 0012 0012 0012 0012 0012 0012 0012 0012 0012 0012 0012 0012 0012 0012 0012 0012 0024 0012 0012 0024 0024 0024 0024 1298

MUTE
0000 004A 0000 0012 0012 0024 0024 0024 0012 0012 0024 0024 0024 0024 0012 0012 0012 0012 0012 0012 0012 0012 0012 0012 0012 0012 0012 0012 0012 0012 0024 0012 0012 0024 0012 0012 0012 0012 0024 1298

SOURCE
0000 004A 0000 0012 0012 0024 0024 0024 0012 0012 0024 0024 0024 0024 0012 0012 0012 0012 0012 0012 0012 0012 0012 0012 0012 0012 0012 0012 0012 0012 0024 0024 0012 0012 0012 0012 0024 0024 0012 1298

TEXT
0000 004A 0000 0011 0012 0024 0024 0024 0012 0012 0024 0024 0024 0024 0012 0012 0012 0012 0012 0012 0012 0012 0012 0012 0012 0012 0012 0012 0024 0024 0024 0024 0012 0012 0024 0024 0012 1298

